[
  {
    "lexeme": "atmosph\u00e4re",
    "n_timespans": 14,
    "timespans": [
      "1901-1910",
      "1911-1920",
      "1921-1930",
      "1931-1940",
      "1941-1950",
      "1951-1960",
      "1961-1970",
      "1971-1980",
      "1981-1990",
      "1991-2000",
      "1995-2014",
      "2001-2010",
      "2006-2023",
      "2011-2018"
    ],
    "sense_distributions": {
      "1901-1910": {
        "s42868": 0.3660130718954248,
        "s33676": 0.17647058823529413,
        "s42158": 0.28431372549019607,
        "s14251": 0.17320261437908496
      },
      "1911-1920": {
        "s42868": 0.3106267029972752,
        "s42158": 0.30517711171662126,
        "s14251": 0.30517711171662126,
        "s33676": 0.07901907356948229
      },
      "1921-1930": {
        "s14251": 0.47246376811594204,
        "s42868": 0.11304347826086956,
        "s42158": 0.34492753623188405,
        "s33676": 0.06956521739130435
      },
      "1931-1940": {
        "s14251": 0.4950166112956811,
        "s33676": 0.10963455149501661,
        "s42158": 0.2425249169435216,
        "s42868": 0.15282392026578073
      },
      "1941-1950": {
        "s14251": 0.49507735583684953,
        "s42158": 0.38255977496483823,
        "s33676": 0.05907172995780591,
        "s42868": 0.06329113924050633
      },
      "1951-1960": {
        "s14251": 0.46098562628336753,
        "s42868": 0.13963039014373715,
        "s42158": 0.36960985626283366,
        "s33676": 0.029774127310061602
      },
      "1961-1970": {
        "s42868": 0.18611670020120724,
        "s14251": 0.46378269617706236,
        "s42158": 0.32193158953722334,
        "s33676": 0.028169014084507043
      },
      "1971-1980": {
        "s42158": 0.3082400813835198,
        "s14251": 0.44354018311291965,
        "s42868": 0.19125127161749747,
        "s33676": 0.056968463886063074
      },
      "1981-1990": {
        "s14251": 0.3850987432675045,
        "s42158": 0.3599640933572711,
        "s42868": 0.2199281867145422,
        "s33676": 0.03500897666068223
      },
      "1991-2000": {
        "s14251": 0.34477254588986433,
        "s42158": 0.4397446129289705,
        "s42868": 0.18595371109337588,
        "s33676": 0.029529130087789304
      },
      "1995-2014": {
        "s14251": 0.2976190476190476,
        "s42868": 0.23809523809523808,
        "s42158": 0.44047619047619047,
        "s33676": 0.023809523809523808
      },
      "2001-2010": {
        "s14251": 0.32965299684542587,
        "s42868": 0.23186119873817035,
        "s42158": 0.4116719242902208,
        "s33676": 0.026813880126182965
      },
      "2006-2023": {
        "s14251": 0.17894736842105263,
        "s42868": 0.4105263157894737,
        "s42158": 0.3894736842105263,
        "s33676": 0.021052631578947368
      },
      "2011-2018": {
        "s33676": 0.04381443298969072,
        "s42868": 0.28865979381443296,
        "s14251": 0.35051546391752575,
        "s42158": 0.3170103092783505
      }
    },
    "jsd_matrix": [
      [
        0.0,
        0.14167913514120842,
        0.2909673515849126,
        0.26025824523333335,
        0.3440413198408034,
        0.3030384319925569,
        0.28254276255944527,
        0.2467290869971897,
        0.24060153548177962,
        0.25865960084914436,
        0.23771959023096365,
        0.2379830309861143,
        0.1993165005476484,
        0.1985992046749123
      ],
      [
        0.14167913514120842,
        0.0,
        0.18379247006092725,
        0.1676781977278696,
        0.24259965453572038,
        0.17873886867328947,
        0.15005226734762622,
        0.12040772763895585,
        0.10817651574357526,
        0.14310291971157355,
        0.1281198520271886,
        0.11748782339058532,
        0.1526424581587655,
        0.060001238606196175
      ],
      [
        0.2909673515849126,
        0.18379247006092725,
        0.0,
        0.09148507165261441,
        0.06626275902763523,
        0.0710482722944589,
        0.09618231739304269,
        0.07835674554576443,
        0.11810833714042904,
        0.12857433957331862,
        0.17366963134592656,
        0.15238181640847442,
        0.29443654288855475,
        0.16174416516852697
      ],
      [
        0.26025824523333335,
        0.1676781977278696,
        0.09148507165261441,
        0.0,
        0.1459983236522116,
        0.1387764901165528,
        0.12937641455684165,
        0.08933450066128304,
        0.14947526245205614,
        0.1851829652848429,
        0.21590405354037479,
        0.19229139260853037,
        0.30694123141291185,
        0.1631034383681461
      ],
      [
        0.3440413198408034,
        0.24259965453572038,
        0.06626275902763523,
        0.1459983236522116,
        0.0,
        0.1008972535993529,
        0.14198561924290704,
        0.13985195851026722,
        0.16761942746374295,
        0.16135553135171343,
        0.21052879081423279,
        0.193154779625513,
        0.33815880650558455,
        0.21767685894774905
      ],
      [
        0.3030384319925569,
        0.17873886867328947,
        0.0710482722944589,
        0.1387764901165528,
        0.1008972535993529,
        0.0,
        0.04999831452444623,
        0.07526236079569502,
        0.07976695701259436,
        0.08590572857872492,
        0.1306689588129742,
        0.10894621155470713,
        0.2598472453769827,
        0.13672180130554207
      ],
      [
        0.28254276255944527,
        0.15005226734762622,
        0.09618231739304269,
        0.12937641455684165,
        0.14198561924290704,
        0.04999831452444623,
        0.0,
        0.05185521481579639,
        0.05698001704549337,
        0.09474847799142336,
        0.12431227923687213,
        0.09853795798702916,
        0.23701063236689118,
        0.10197434247760064
      ],
      [
        0.2467290869971897,
        0.12040772763895585,
        0.07835674554576443,
        0.08933450066128304,
        0.13985195851026722,
        0.07526236079569502,
        0.05185521481579639,
        0.0,
        0.062105506502346294,
        0.10556859840802908,
        0.133734137008846,
        0.1081113489636987,
        0.23693154694746116,
        0.09038398942640319
      ],
      [
        0.24060153548177962,
        0.10817651574357526,
        0.11810833714042904,
        0.14947526245205614,
        0.16761942746374295,
        0.07976695701259436,
        0.05698001704549337,
        0.062105506502346294,
        0.0,
        0.05812602940350594,
        0.0745290895306638,
        0.047900318800528974,
        0.18730054448248099,
        0.0605318597647299
      ],
      [
        0.25865960084914436,
        0.14310291971157355,
        0.12857433957331862,
        0.1851829652848429,
        0.16135553135171343,
        0.08590572857872492,
        0.09474847799142336,
        0.10556859840802908,
        0.05812602940350594,
        0.0,
        0.051252006620417616,
        0.040155797581256515,
        0.19011008566508533,
        0.10635304373619836
      ],
      [
        0.23771959023096365,
        0.1281198520271886,
        0.17366963134592656,
        0.21590405354037479,
        0.21052879081423279,
        0.1306689588129742,
        0.12431227923687213,
        0.133734137008846,
        0.0745290895306638,
        0.051252006620417616,
        0.0,
        0.02679352327340889,
        0.14103647517572218,
        0.09408095162104156
      ],
      [
        0.2379830309861143,
        0.11748782339058532,
        0.15238181640847442,
        0.19229139260853037,
        0.193154779625513,
        0.10894621155470713,
        0.09853795798702916,
        0.1081113489636987,
        0.047900318800528974,
        0.040155797581256515,
        0.02679352327340889,
        0.0,
        0.15572167731563466,
        0.0763459957685931
      ],
      [
        0.1993165005476484,
        0.1526424581587655,
        0.29443654288855475,
        0.30694123141291185,
        0.33815880650558455,
        0.2598472453769827,
        0.23701063236689118,
        0.23693154694746116,
        0.18730054448248099,
        0.19011008566508533,
        0.14103647517572218,
        0.15572167731563466,
        0.0,
        0.152943355611329
      ],
      [
        0.1985992046749123,
        0.060001238606196175,
        0.16174416516852697,
        0.1631034383681461,
        0.21767685894774905,
        0.13672180130554207,
        0.10197434247760064,
        0.09038398942640319,
        0.0605318597647299,
        0.10635304373619836,
        0.09408095162104156,
        0.0763459957685931,
        0.152943355611329,
        0.0
      ]
    ],
    "stepwise_significance": {
      "1901-1910->1911-1920": {
        "p_val": 7.588455325491395e-06,
        "significant": true
      },
      "1911-1920->1921-1930": {
        "p_val": 4.966499350306835e-10,
        "significant": true
      },
      "1921-1930->1931-1940": {
        "p_val": 0.01346816359919019,
        "significant": true
      },
      "1931-1940->1941-1950": {
        "p_val": 2.4280799900867982e-08,
        "significant": true
      },
      "1941-1950->1951-1960": {
        "p_val": 5.60772152453158e-07,
        "significant": true
      },
      "1951-1960->1961-1970": {
        "p_val": 0.02028706374408787,
        "significant": true
      },
      "1961-1970->1971-1980": {
        "p_val": 0.015053832158152137,
        "significant": true
      },
      "1971-1980->1981-1990": {
        "p_val": 0.00106970453287989,
        "significant": true
      },
      "1981-1990->1991-2000": {
        "p_val": 0.0011938838313635544,
        "significant": true
      },
      "1991-2000->1995-2014": {
        "p_val": 0.6299520841831512,
        "significant": false
      },
      "1995-2014->2001-2010": {
        "p_val": 0.9308606346965637,
        "significant": false
      },
      "2001-2010->2006-2023": {
        "p_val": 0.00042872544921107776,
        "significant": true
      },
      "2006-2023->2011-2018": {
        "p_val": 0.002245230398164109,
        "significant": true
      }
    },
    "centroid_drifts": {
      "1901-1910->1911-1920": 0.002297043800354004,
      "1911-1920->1921-1930": 0.004431009292602539,
      "1921-1930->1931-1940": 0.0007073879241943359,
      "1931-1940->1941-1950": 0.0013474822044372559,
      "1941-1950->1951-1960": 0.0003312230110168457,
      "1951-1960->1961-1970": 0.00032401084899902344,
      "1961-1970->1971-1980": 0.00019025802612304688,
      "1971-1980->1981-1990": 0.0002079010009765625,
      "1981-1990->1991-2000": 0.000429689884185791,
      "1991-2000->1995-2014": 0.0018514394760131836,
      "1995-2014->2001-2010": 0.001400768756866455,
      "2001-2010->2006-2023": 0.006068766117095947,
      "2006-2023->2011-2018": 0.004621624946594238
    },
    "max_jsd": 0.3440413198408034,
    "mean_jsd": 0.15063023371852746,
    "emergence_signals": {},
    "largest_change": {
      "from": "1911-1920",
      "to": "1921-1930",
      "jsd": 0.18379247006092725
    }
  },
  {
    "lexeme": "richtung",
    "n_timespans": 12,
    "timespans": [
      "1901-1910",
      "1911-1920",
      "1921-1930",
      "1931-1940",
      "1941-1950",
      "1951-1960",
      "1961-1970",
      "1971-1980",
      "1981-1990",
      "1991-2000",
      "2001-2010",
      "2011-2018"
    ],
    "sense_distributions": {
      "1901-1910": {
        "s41895": 1.0
      },
      "1911-1920": {
        "s41895": 0.9629629629629629,
        "s51065": 0.037037037037037035
      },
      "1921-1930": {
        "s41895": 1.0
      },
      "1931-1940": {
        "s41895": 0.5465116279069767,
        "s51065": 0.19767441860465115,
        "s27305": 0.2558139534883721
      },
      "1941-1950": {
        "s41895": 0.5053763440860215,
        "s27305": 0.45161290322580644,
        "s51065": 0.043010752688172046
      },
      "1951-1960": {
        "s41895": 0.2619047619047619,
        "s27305": 0.6904761904761905,
        "s51065": 0.047619047619047616
      },
      "1961-1970": {
        "s27305": 0.6904761904761905,
        "s41895": 0.2619047619047619,
        "s51065": 0.047619047619047616
      },
      "1971-1980": {
        "s27305": 0.7341772151898734,
        "s51065": 0.0759493670886076,
        "s41895": 0.189873417721519
      },
      "1981-1990": {
        "s41895": 0.2,
        "s27305": 0.7875,
        "s51065": 0.0125
      },
      "1991-2000": {
        "s41895": 0.5555555555555556,
        "s27305": 0.4222222222222222,
        "s51065": 0.022222222222222223
      },
      "2001-2010": {
        "s27305": 0.4810126582278481,
        "s41895": 0.4810126582278481,
        "s51065": 0.0379746835443038
      },
      "2011-2018": {
        "s27305": 0.42168674698795183,
        "s41895": 0.5542168674698795,
        "s51065": 0.024096385542168676
      }
    },
    "jsd_matrix": [
      [
        0.0,
        0.1140647680056792,
        0.0,
        0.43692693622241613,
        0.4613218861142683,
        0.6090377219778049,
        0.6090377219778049,
        0.6572607038972301,
        0.6502387661859452,
        0.43153842084842914,
        0.4757243526534053,
        0.4323367868665535
      ],
      [
        0.1140647680056792,
        0.0,
        0.1140647680056792,
        0.3846242259478291,
        0.43918038105237833,
        0.5884722169314132,
        0.5884722169314132,
        0.632082938989162,
        0.6420699626120461,
        0.4182471088074058,
        0.45574768766386303,
        0.4179818939284992
      ],
      [
        0.0,
        0.1140647680056792,
        0.0,
        0.43692693622241613,
        0.4613218861142683,
        0.6090377219778049,
        0.6090377219778049,
        0.6572607038972301,
        0.6502387661859452,
        0.43153842084842914,
        0.4757243526534053,
        0.4323367868665535
      ],
      [
        0.43692693622241613,
        0.3846242259478291,
        0.43692693622241613,
        0.0,
        0.20261535643820686,
        0.31950156843952726,
        0.31950156843952726,
        0.34547101186593543,
        0.40244630202919845,
        0.22482682891356812,
        0.21948091346852672,
        0.2214034444573695
      ],
      [
        0.4613218861142683,
        0.43918038105237833,
        0.4613218861142683,
        0.20261535643820686,
        0.0,
        0.17970248246973924,
        0.17970248246973924,
        0.2375764568197357,
        0.2483018378039475,
        0.050261353500822455,
        0.02146014690857765,
        0.04658794953200559
      ],
      [
        0.6090377219778049,
        0.5884722169314132,
        0.6090377219778049,
        0.31950156843952726,
        0.17970248246973924,
        0.0,
        0.0,
        0.06969203885616365,
        0.09562126362775111,
        0.2136845953182685,
        0.1615052421394612,
        0.21244373166956526
      ],
      [
        0.6090377219778049,
        0.5884722169314132,
        0.6090377219778049,
        0.31950156843952726,
        0.17970248246973924,
        0.0,
        0.0,
        0.06969203885616365,
        0.09562126362775111,
        0.2136845953182685,
        0.1615052421394612,
        0.21244373166956526
      ],
      [
        0.6572607038972301,
        0.632082938989162,
        0.6572607038972301,
        0.34547101186593543,
        0.2375764568197357,
        0.06969203885616365,
        0.06969203885616365,
        0.0,
        0.1147687877637859,
        0.27553242205566586,
        0.2217411676321608,
        0.27390212697237043
      ],
      [
        0.6502387661859452,
        0.6420699626120461,
        0.6502387661859452,
        0.40244630202919845,
        0.2483018378039475,
        0.09562126362775111,
        0.09562126362775111,
        0.1147687877637859,
        0.0,
        0.26875357022123625,
        0.22789853081028522,
        0.2689086058599489
      ],
      [
        0.43153842084842914,
        0.4182471088074058,
        0.43153842084842914,
        0.22482682891356812,
        0.050261353500822455,
        0.2136845953182685,
        0.2136845953182685,
        0.27553242205566586,
        0.26875357022123625,
        0.0,
        0.05780370111587396,
        0.0044104561931785245
      ],
      [
        0.4757243526534053,
        0.45574768766386303,
        0.4757243526534053,
        0.21948091346852672,
        0.02146014690857765,
        0.1615052421394612,
        0.1615052421394612,
        0.2217411676321608,
        0.22789853081028522,
        0.05780370111587396,
        0.0,
        0.05525385192952776
      ],
      [
        0.4323367868665535,
        0.4179818939284992,
        0.4323367868665535,
        0.2214034444573695,
        0.04658794953200559,
        0.21244373166956526,
        0.21244373166956526,
        0.27390212697237043,
        0.2689086058599489,
        0.0044104561931785245,
        0.05525385192952776,
        0.0
      ]
    ],
    "stepwise_significance": {
      "1901-1910->1911-1920": {
        "p_val": 0.5919812925567466,
        "significant": false
      },
      "1911-1920->1921-1930": {
        "p_val": 0.8420425752896773,
        "significant": false
      },
      "1921-1930->1931-1940": {
        "p_val": 1.9738487111881902e-06,
        "significant": true
      },
      "1931-1940->1941-1950": {
        "p_val": 0.0008914352707280845,
        "significant": true
      },
      "1941-1950->1951-1960": {
        "p_val": 0.0037177498254118827,
        "significant": true
      },
      "1951-1960->1961-1970": {
        "p_val": 1.0,
        "significant": false
      },
      "1961-1970->1971-1980": {
        "p_val": 0.45556592965674636,
        "significant": false
      },
      "1971-1980->1981-1990": {
        "p_val": 0.14925788660573497,
        "significant": false
      },
      "1981-1990->1991-2000": {
        "p_val": 0.00019083353039045492,
        "significant": true
      },
      "1991-2000->2001-2010": {
        "p_val": 0.6874085862259918,
        "significant": false
      },
      "2001-2010->2011-2018": {
        "p_val": 0.6104771722299471,
        "significant": false
      }
    },
    "centroid_drifts": {
      "1901-1910->1911-1920": 0.008459270000457764,
      "1911-1920->1921-1930": 0.011997818946838379,
      "1921-1930->1931-1940": 0.009240269660949707,
      "1931-1940->1941-1950": 0.0021863579750061035,
      "1941-1950->1951-1960": 0.004994213581085205,
      "1951-1960->1961-1970": 0.0009022355079650879,
      "1961-1970->1971-1980": 0.0012101531028747559,
      "1971-1980->1981-1990": 0.0010541677474975586,
      "1981-1990->1991-2000": 0.005487978458404541,
      "1991-2000->2001-2010": 0.0035746097564697266,
      "2001-2010->2011-2018": 0.0032102465629577637
    },
    "max_jsd": 0.6572607038972301,
    "mean_jsd": 0.3153872943893328,
    "emergence_signals": {
      "1931-1940": [
        {
          "sense": "s27305",
          "change": 0.2558139534883721,
          "prev_proportion": 0.0,
          "curr_proportion": 0.2558139534883721
        }
      ],
      "1951-1960": [
        {
          "sense": "s27305",
          "change": 0.23886328725038403,
          "prev_proportion": 0.45161290322580644,
          "curr_proportion": 0.6904761904761905
        }
      ],
      "1991-2000": [
        {
          "sense": "s41895",
          "change": 0.35555555555555557,
          "prev_proportion": 0.2,
          "curr_proportion": 0.5555555555555556
        }
      ]
    },
    "largest_change": {
      "from": "1921-1930",
      "to": "1931-1940",
      "jsd": 0.43692693622241613
    }
  },
  {
    "lexeme": "schnabel",
    "n_timespans": 12,
    "timespans": [
      "1901-1910",
      "1911-1920",
      "1921-1930",
      "1931-1940",
      "1941-1950",
      "1951-1960",
      "1961-1970",
      "1971-1980",
      "1981-1990",
      "1991-2000",
      "2001-2010",
      "2011-2018"
    ],
    "sense_distributions": {
      "1901-1910": {
        "s25993": 0.20967741935483872,
        "s26449": 0.7903225806451613
      },
      "1911-1920": {
        "s26449": 0.625,
        "s25993": 0.375
      },
      "1921-1930": {
        "s26449": 0.625,
        "s25993": 0.375
      },
      "1931-1940": {
        "s26449": 0.35135135135135137,
        "s25993": 0.6486486486486487
      },
      "1941-1950": {
        "s26449": 0.6533333333333333,
        "s25993": 0.3466666666666667
      },
      "1951-1960": {
        "s25993": 0.6632653061224489,
        "s26449": 0.336734693877551
      },
      "1961-1970": {
        "s26449": 0.3644859813084112,
        "s25993": 0.6355140186915887
      },
      "1971-1980": {
        "s26449": 0.2376237623762376,
        "s25993": 0.7623762376237624
      },
      "1981-1990": {
        "s26449": 0.15454545454545454,
        "s25993": 0.8454545454545455
      },
      "1991-2000": {
        "s25993": 0.7215189873417721,
        "s26449": 0.27848101265822783
      },
      "2001-2010": {
        "s25993": 0.7751937984496124,
        "s26449": 0.2248062015503876
      },
      "2011-2018": {
        "s26449": 0.2903225806451613,
        "s25993": 0.7096774193548387
      }
    },
    "jsd_matrix": [
      [
        0.0,
        0.1291757135627085,
        0.1291757135627085,
        0.3196459290565074,
        0.1085114908795463,
        0.3299487118578039,
        0.3104411208976112,
        0.40228032853864854,
        0.46862087374946243,
        0.3718297725464885,
        0.41207551508348816,
        0.3631903260675792
      ],
      [
        0.1291757135627085,
        0.0,
        0.0,
        0.19479815815829116,
        0.02086096451465954,
        0.20545158414676695,
        0.18529018071176945,
        0.2806008777650642,
        0.35015433530425155,
        0.2488852407207537,
        0.2908292530862552,
        0.23990831643608126
      ],
      [
        0.1291757135627085,
        0.0,
        0.0,
        0.19479815815829116,
        0.02086096451465954,
        0.20545158414676695,
        0.18529018071176945,
        0.2806008777650642,
        0.35015433530425155,
        0.2488852407207537,
        0.2908292530862552,
        0.23990831643608126
      ],
      [
        0.3196459290565074,
        0.19479815815829116,
        0.19479815815829116,
        0.0,
        0.21521446099604763,
        0.010878556726438695,
        0.00968712338413346,
        0.08842365983126042,
        0.16172492904953695,
        0.05551394611888298,
        0.09910028116511409,
        0.046249482235960884
      ],
      [
        0.1085114908795463,
        0.02086096451465954,
        0.02086096451465954,
        0.21521446099604763,
        0.0,
        0.22582202236623516,
        0.20574550202851424,
        0.30057963734565757,
        0.3696493738878452,
        0.26904440713474204,
        0.31074478686579043,
        0.2601144370409158
      ],
      [
        0.3299487118578039,
        0.20545158414676695,
        0.20545158414676695,
        0.010878556726438695,
        0.22582202236623516,
        0.0,
        0.020564384777904267,
        0.07759542355147789,
        0.15104580880550358,
        0.04465279643223063,
        0.08828684356916303,
        0.03538228328838209
      ],
      [
        0.3104411208976112,
        0.18529018071176945,
        0.18529018071176945,
        0.00968712338413346,
        0.20574550202851424,
        0.020564384777904267,
        0.0,
        0.0980557030229809,
        0.17121707780091558,
        0.0651790167793318,
        0.10871798992943386,
        0.055921017034206315
      ],
      [
        0.40228032853864854,
        0.2806008777650642,
        0.2806008777650642,
        0.08842365983126042,
        0.30057963734565757,
        0.07759542355147789,
        0.0980557030229809,
        0.0,
        0.07420962437820804,
        0.03302625248124255,
        0.010749095343779868,
        0.04229681943561145
      ],
      [
        0.46862087374946243,
        0.35015433530425155,
        0.35015433530425155,
        0.16172492904953695,
        0.3696493738878452,
        0.15104580880550358,
        0.17121707780091558,
        0.07420962437820804,
        0.0,
        0.10698690760018206,
        0.06351304232401107,
        0.11616638155566135
      ],
      [
        0.3718297725464885,
        0.2488852407207537,
        0.2488852407207537,
        0.05551394611888298,
        0.26904440713474204,
        0.04465279643223063,
        0.0651790167793318,
        0.03302625248124255,
        0.10698690760018206,
        0.0,
        0.04376221393128303,
        0.009280585183250473
      ],
      [
        0.41207551508348816,
        0.2908292530862552,
        0.2908292530862552,
        0.09910028116511409,
        0.31074478686579043,
        0.08828684356916303,
        0.10871798992943386,
        0.010749095343779868,
        0.06351304232401107,
        0.04376221393128303,
        0.0,
        0.05302586329114355
      ],
      [
        0.3631903260675792,
        0.23990831643608126,
        0.23990831643608126,
        0.046249482235960884,
        0.2601144370409158,
        0.03538228328838209,
        0.055921017034206315,
        0.04229681943561145,
        0.11616638155566135,
        0.009280585183250473,
        0.05302586329114355,
        0.0
      ]
    ],
    "stepwise_significance": {
      "1901-1910->1911-1920": {
        "p_val": 0.14084056723970315,
        "significant": false
      },
      "1911-1920->1921-1930": {
        "p_val": 1.0,
        "significant": false
      },
      "1921-1930->1931-1940": {
        "p_val": 0.0009255764020477815,
        "significant": true
      },
      "1931-1940->1941-1950": {
        "p_val": 0.0004278098776104144,
        "significant": true
      },
      "1941-1950->1951-1960": {
        "p_val": 6.914504922192018e-05,
        "significant": true
      },
      "1951-1960->1961-1970": {
        "p_val": 0.7876726184577199,
        "significant": false
      },
      "1961-1970->1971-1980": {
        "p_val": 0.06590291621164135,
        "significant": false
      },
      "1971-1980->1981-1990": {
        "p_val": 0.17719369408326852,
        "significant": false
      },
      "1981-1990->1991-2000": {
        "p_val": 0.05816964840888144,
        "significant": false
      },
      "1991-2000->2001-2010": {
        "p_val": 0.47939178239051505,
        "significant": false
      },
      "2001-2010->2011-2018": {
        "p_val": 0.29446848704542783,
        "significant": false
      }
    },
    "centroid_drifts": {
      "1901-1910->1911-1920": 0.009256541728973389,
      "1911-1920->1921-1930": 0.0013942718505859375,
      "1921-1930->1931-1940": 0.0090104341506958,
      "1931-1940->1941-1950": 0.004988908767700195,
      "1941-1950->1951-1960": 0.0031137466430664062,
      "1951-1960->1961-1970": 0.0020501017570495605,
      "1961-1970->1971-1980": 0.002895355224609375,
      "1971-1980->1981-1990": 0.0017671585083007812,
      "1981-1990->1991-2000": 0.0025440454483032227,
      "1991-2000->2001-2010": 0.0015480518341064453,
      "2001-2010->2011-2018": 0.001447916030883789
    },
    "max_jsd": 0.46862087374946243,
    "mean_jsd": 0.17388759173005022,
    "emergence_signals": {
      "1931-1940": [
        {
          "sense": "s25993",
          "change": 0.2736486486486487,
          "prev_proportion": 0.375,
          "curr_proportion": 0.6486486486486487
        }
      ],
      "1941-1950": [
        {
          "sense": "s26449",
          "change": 0.30198198198198195,
          "prev_proportion": 0.35135135135135137,
          "curr_proportion": 0.6533333333333333
        }
      ],
      "1951-1960": [
        {
          "sense": "s25993",
          "change": 0.31659863945578226,
          "prev_proportion": 0.3466666666666667,
          "curr_proportion": 0.6632653061224489
        }
      ]
    },
    "largest_change": {
      "from": "1941-1950",
      "to": "1951-1960",
      "jsd": 0.22582202236623516
    }
  },
  {
    "lexeme": "buch",
    "n_timespans": 14,
    "timespans": [
      "1901-1910",
      "1911-1920",
      "1921-1930",
      "1931-1940",
      "1941-1950",
      "1951-1960",
      "1961-1970",
      "1971-1980",
      "1981-1990",
      "1991-2000",
      "1995-2014",
      "2001-2010",
      "2006-2023",
      "2011-2018"
    ],
    "sense_distributions": {
      "1901-1910": {
        "s10855": 0.7373493975903614,
        "s107850": 0.15903614457831325,
        "s10937": 0.10240963855421686,
        "s107685": 0.0012048192771084338
      },
      "1911-1920": {
        "s10855": 0.7049180327868853,
        "s10919": 0.00936768149882904,
        "s10937": 0.10070257611241218,
        "s107850": 0.18501170960187355
      },
      "1921-1930": {
        "s10855": 0.6685022026431718,
        "s107850": 0.22026431718061673,
        "s10937": 0.10792951541850221,
        "s10919": 0.0022026431718061676,
        "s107685": 0.0011013215859030838
      },
      "1931-1940": {
        "s10855": 0.7077100115074798,
        "s10937": 0.07940161104718067,
        "s107850": 0.2094361334867664,
        "s10919": 0.0023014959723820483,
        "s107685": 0.0011507479861910242
      },
      "1941-1950": {
        "s10855": 0.7206896551724138,
        "s107850": 0.19310344827586207,
        "s10937": 0.08620689655172414
      },
      "1951-1960": {
        "s10855": 0.6950718685831622,
        "s107850": 0.19301848049281314,
        "s10919": 0.004106776180698152,
        "s10937": 0.10677618069815195,
        "s107685": 0.001026694045174538
      },
      "1961-1970": {
        "s10855": 0.7098121085594989,
        "s107850": 0.1931106471816284,
        "s10937": 0.09394572025052192,
        "s10919": 0.0020876826722338203,
        "s107685": 0.0010438413361169101
      },
      "1971-1980": {
        "s10855": 0.6878727634194831,
        "s107685": 0.002982107355864811,
        "s107850": 0.19284294234592445,
        "s10937": 0.11232604373757456,
        "s10919": 0.003976143141153081
      },
      "1981-1990": {
        "s10855": 0.7402323125659979,
        "s107850": 0.16578669482576558,
        "s10937": 0.09292502639915523,
        "s10919": 0.0010559662090813093
      },
      "1991-2000": {
        "s10855": 0.6786729857819905,
        "s107850": 0.15545023696682464,
        "s10937": 0.15924170616113745,
        "s10919": 0.005687203791469194,
        "s107685": 0.0009478672985781991
      },
      "1995-2014": {
        "s10855": 0.8072289156626506,
        "s107850": 0.1566265060240964,
        "s10937": 0.03614457831325301
      },
      "2001-2010": {
        "s10855": 0.6701323251417769,
        "s107850": 0.14744801512287334,
        "s10937": 0.1786389413988658,
        "s107685": 0.001890359168241966,
        "s10919": 0.001890359168241966
      },
      "2006-2023": {
        "s10855": 0.8117647058823529,
        "s107850": 0.1411764705882353,
        "s10937": 0.047058823529411764
      },
      "2011-2018": {
        "s10855": 0.6926032660902978,
        "s10919": 0.004803073967339097,
        "s10937": 0.15465898174831894,
        "s107850": 0.14793467819404418
      }
    },
    "jsd_matrix": [
      [
        0.0,
        0.06588490509995995,
        0.06423204875159606,
        0.05838373312557926,
        0.040481887776724255,
        0.050822875836549875,
        0.042121662473286074,
        0.05412954902962359,
        0.030580825651602302,
        0.07554971527917878,
        0.09731098196130077,
        0.08270480015951262,
        0.08261818251820036,
        0.07215392886482871
      ],
      [
        0.06588490509995995,
        0.0,
        0.051451584479141325,
        0.05056649137511093,
        0.06012354031223535,
        0.03142317523285519,
        0.041457860543116856,
        0.04295778765803822,
        0.049606516610205695,
        0.06816801870432297,
        0.1161621911756795,
        0.09381711153004994,
        0.10765163013630757,
        0.06563142021345848
      ],
      [
        0.06423204875159606,
        0.051451584479141325,
        0.0,
        0.03792975230187381,
        0.05187215692187051,
        0.02696187075106894,
        0.03161207857474878,
        0.030008546153163545,
        0.06005879157700474,
        0.07555652938322291,
        0.12831048837278428,
        0.08997270626172348,
        0.12295928978647608,
        0.08000615427925986
      ],
      [
        0.05838373312557926,
        0.05056649137511093,
        0.03792975230187381,
        0.0,
        0.03823073778052186,
        0.036558217993714066,
        0.021810122650457647,
        0.04455693673564543,
        0.04730402020757219,
        0.0966425016502627,
        0.09429824138445765,
        0.113175480566526,
        0.09172795736592278,
        0.09737531863734734
      ],
      [
        0.040481887776724255,
        0.06012354031223535,
        0.05187215692187051,
        0.03823073778052186,
        0.0,
        0.04943847510083602,
        0.03448354971268755,
        0.05885837116049246,
        0.03185331263609421,
        0.09565566811503469,
        0.08633243343203753,
        0.10743216469927878,
        0.07935119566865467,
        0.09074810975686094
      ],
      [
        0.050822875836549875,
        0.03142317523285519,
        0.02696187075106894,
        0.036558217993714066,
        0.04943847510083602,
        0.0,
        0.020284427677420818,
        0.017146683850520067,
        0.04416056211179984,
        0.061091831495527556,
        0.1180885486577644,
        0.08056356411641025,
        0.10958928839396692,
        0.06379780198021237
      ],
      [
        0.042121662473286074,
        0.041457860543116856,
        0.03161207857474878,
        0.021810122650457647,
        0.03448354971268755,
        0.020284427677420818,
        0.0,
        0.0298145896874708,
        0.03360839302003085,
        0.07671893219453754,
        0.10126177397991774,
        0.09259431859542365,
        0.09376894963034406,
        0.07703538036183684
      ],
      [
        0.05412954902962359,
        0.04295778765803822,
        0.030008546153163545,
        0.04455693673564543,
        0.05885837116049246,
        0.017146683850520067,
        0.0298145896874708,
        0.0,
        0.05417429193384729,
        0.058396321245838295,
        0.1264519903692244,
        0.07509511407920857,
        0.11773463486834274,
        0.06500830580962091
      ],
      [
        0.030580825651602302,
        0.049606516610205695,
        0.06005879157700474,
        0.04730402020757219,
        0.03185331263609421,
        0.04416056211179984,
        0.03360839302003085,
        0.05417429193384729,
        0.0,
        0.07978202203147283,
        0.08729262711792132,
        0.09346407107916573,
        0.07424047412272888,
        0.0720262062888942
      ],
      [
        0.07554971527917878,
        0.06816801870432297,
        0.07555652938322291,
        0.0966425016502627,
        0.09565566811503469,
        0.061091831495527556,
        0.07671893219453754,
        0.058396321245838295,
        0.07978202203147283,
        0.0,
        0.16129922852431938,
        0.030372815783975844,
        0.1468166173189169,
        0.021114228455037434
      ],
      [
        0.09731098196130077,
        0.1161621911756795,
        0.12831048837278428,
        0.09429824138445765,
        0.08633243343203753,
        0.1180885486577644,
        0.10126177397991774,
        0.1264519903692244,
        0.08729262711792132,
        0.16129922852431938,
        0.0,
        0.17417800036947353,
        0.023719358035678564,
        0.1540722931657351
      ],
      [
        0.08270480015951262,
        0.09381711153004994,
        0.08997270626172348,
        0.113175480566526,
        0.10743216469927878,
        0.08056356411641025,
        0.09259431859542365,
        0.07509511407920857,
        0.09346407107916573,
        0.030372815783975844,
        0.17417800036947353,
        0.0,
        0.1586808061967056,
        0.03882529973038075
      ],
      [
        0.08261818251820036,
        0.10765163013630757,
        0.12295928978647608,
        0.09172795736592278,
        0.07935119566865467,
        0.10958928839396692,
        0.09376894963034406,
        0.11773463486834274,
        0.07424047412272888,
        0.1468166173189169,
        0.023719358035678564,
        0.1586808061967056,
        0.0,
        0.13851936528418715
      ],
      [
        0.07215392886482871,
        0.06563142021345848,
        0.08000615427925986,
        0.09737531863734734,
        0.09074810975686094,
        0.06379780198021237,
        0.07703538036183684,
        0.06500830580962091,
        0.0720262062888942,
        0.021114228455037434,
        0.1540722931657351,
        0.03882529973038075,
        0.13851936528418715,
        0.0
      ]
    ],
    "stepwise_significance": {
      "1901-1910->1911-1920": {
        "p_val": 0.025685333476936186,
        "significant": true
      },
      "1911-1920->1921-1930": {
        "p_val": 0.06950538286761301,
        "significant": false
      },
      "1921-1930->1931-1940": {
        "p_val": 0.2788886907412829,
        "significant": false
      },
      "1931-1940->1941-1950": {
        "p_val": 0.41620036843291663,
        "significant": false
      },
      "1941-1950->1951-1960": {
        "p_val": 0.14151353149040302,
        "significant": false
      },
      "1951-1960->1961-1970": {
        "p_val": 0.8132173558867297,
        "significant": false
      },
      "1961-1970->1971-1980": {
        "p_val": 0.4901182469037215,
        "significant": false
      },
      "1971-1980->1981-1990": {
        "p_val": 0.03886213221930247,
        "significant": true
      },
      "1981-1990->1991-2000": {
        "p_val": 7.532994158669632e-05,
        "significant": true
      },
      "1991-2000->1995-2014": {
        "p_val": 0.03783204421188296,
        "significant": true
      },
      "1995-2014->2001-2010": {
        "p_val": 0.01913680586108804,
        "significant": true
      },
      "2001-2010->2006-2023": {
        "p_val": 0.02979163874660078,
        "significant": true
      },
      "2006-2023->2011-2018": {
        "p_val": 0.04145462256288047,
        "significant": true
      }
    },
    "centroid_drifts": {
      "1901-1910->1911-1920": 0.00023192167282104492,
      "1911-1920->1921-1930": 0.0003458857536315918,
      "1921-1930->1931-1940": 0.00026613473892211914,
      "1931-1940->1941-1950": 0.0001735687255859375,
      "1941-1950->1951-1960": 0.00023561716079711914,
      "1951-1960->1961-1970": 8.869171142578125e-05,
      "1961-1970->1971-1980": 8.90493392944336e-05,
      "1971-1980->1981-1990": 9.22083854675293e-05,
      "1981-1990->1991-2000": 0.0002243518829345703,
      "1991-2000->1995-2014": 0.0011858940124511719,
      "1995-2014->2001-2010": 0.0008998513221740723,
      "2001-2010->2006-2023": 0.0015494227409362793,
      "2006-2023->2011-2018": 0.0016620755195617676
    },
    "max_jsd": 0.17417800036947353,
    "mean_jsd": 0.07272376617230687,
    "emergence_signals": {},
    "largest_change": {
      "from": "1995-2014",
      "to": "2001-2010",
      "jsd": 0.17417800036947353
    }
  },
  {
    "lexeme": "kartenspiel",
    "n_timespans": 12,
    "timespans": [
      "1901-1910",
      "1911-1920",
      "1921-1930",
      "1931-1940",
      "1941-1950",
      "1951-1960",
      "1961-1970",
      "1971-1980",
      "1981-1990",
      "1991-2000",
      "2001-2010",
      "2011-2018"
    ],
    "sense_distributions": {
      "1901-1910": {
        "s25671": 0.15789473684210525,
        "s11135": 0.8421052631578947
      },
      "1911-1920": {
        "s25671": 0.11538461538461539,
        "s11135": 0.8846153846153846
      },
      "1921-1930": {
        "s11135": 0.896551724137931,
        "s25671": 0.10344827586206896
      },
      "1931-1940": {
        "s25671": 0.13636363636363635,
        "s11135": 0.8636363636363636
      },
      "1941-1950": {
